14 70 134 59 31 129 51 76 191 59 39 161 31 30 17 43 99 179 33 38 137 60 15 -372 -1
68 28 156 58 56 162 44 49 173 58 61 55 58 15 196 50 100 -254 -1
56 92 154 22 47 117 44 19 197 43 30 186 52 56 5 33 28 196 44 54 110 43 22 29 20 26 153 33 35 -674 -1
38 63 104 52 22 142 44 33 82 55 40 122 27 53 170 36 95 63 28 13 -188 -1
6 98 172 31 70 117 36 87 17 46 24 139 31 58 90 36 94 -219 -1
3 59 64 25 15 60 55 80 130 53 90 107 46 67 68 44 59 -197 -1
36 23 57 60 51 135 52 100 160 28 89 176 46 38 65 23 23 140 47 22 133 37 23 126 23 14 58 21 54 -560 -1
26 49 99 58 12 182 23 11 162 51 55 15 35 87 47 57 39 181 50 80 54 52 50 48 23 13 -258 -1
22 61 30 34 52 108 28 44 170 22 15 36 33 64 72 43 93 130 53 30 13 32 71 -166 -1
51 67 42 34 38 156 22 53 67 25 32 34 41 10 118 48 49 84 29 19 -112 -1
67 23 193 43 90 175 56 36 108 56 97 183 30 22 76 30 13 84 59 93 80 30 54 -433 -1
36 47 152 29 51 155 44 43 33 35 19 30 29 38 118 51 14 -49 -1
1 25 24 36 92 141 21 84 44 55 53 156 57 66 16 48 30 85 47 89 73 48 15 55 45 63 -210 -1
72 61 49 24 64 138 58 39 13 57 72 48 28 59 148 20 33 193 50 83 -282 -1
66 93 100 59 89 113 48 46 72 60 84 178 40 66 38 34 73 177 21 55 170 45 64 -230 -1
40 89 70 32 100 127 55 67 133 58 94 112 55 65 32 26 29 89 51 85 -448 -1
48 15 133 56 36 51 39 15 129 26 71 171 54 86 136 33 75 31 40 83 165 31 34 176 28 98 -42 -1
34 26 40 51 19 138 30 29 106 38 29 32 26 10 116 32 73 99 54 71 26 45 15 25 37 59 -192 -1
57 67 74 41 30 133 28 92 43 44 19 121 35 32 184 59 67 24 39 85 55 30 47 -526 -1
40 100 181 31 33 40 51 22 60 27 59 67 51 59 126 26 48 148 35 14 34 48 63 39 30 85 -139 -1
34 50 147 53 49 56 51 97 55 43 74 32 50 93 50 52 53 150 27 14 -66 -1
62 81 161 30 17 47 42 37 134 46 74 10 21 16 95 39 63 -148 -1
31 20 103 59 34 52 31 80 71 25 71 192 54 72 45 59 52 64 42 15 90 29 42 22 40 31 -516 -1
74 62 136 21 67 79 22 97 63 29 87 145 34 15 31 29 61 -210 -1
75 81 136 30 52 153 40 100 130 23 14 120 54 97 41 40 11 49 21 52 173 36 75 34 47 39 -62 -1
27 57 77 52 76 181 48 40 178 54 82 141 30 14 195 28 24 -393 -1
66 25 196 34 12 132 45 54 82 35 83 147 43 59 65 45 83 176 54 30 -368 -1
21 45 135 42 77 91 43 75 43 55 12 144 38 13 118 24 38 135 45 18 107 50 26 190 59 42 -369 -1
64 64 132 57 49 85 34 44 162 46 83 114 38 18 76 55 63 -340 -1
3 53 70 59 83 174 49 20 133 45 33 172 56 53 160 44 88 -102 -1
10 73 175 48 94 130 36 21 25 29 58 117 38 76 134 45 32 -370 -1
37 70 94 40 11 180 37 53 105 49 100 133 52 25 197 41 65 193 53 71 28 25 81 15 58 58 -525 -1
13 42 37 36 80 140 21 80 82 38 21 15 26 52 119 37 33 19 35 75 -322 -1
43 85 129 48 89 155 34 79 23 29 62 95 27 31 107 24 53 153 59 70 -376 -1
32 91 190 36 33 169 50 42 89 22 65 126 53 71 159 54 55 45 42 59 99 48 11 177 39 34 -73 -1
10 85 54 30 15 90 52 98 137 37 51 173 42 40 7 54 71 130 42 78 162 55 59 73 25 55 80 22 24 -482 -1
37 17 161 55 83 96 40 89 12 51 85 33 35 48 143 34 31 -54 -1
52 39 101 56 59 6 38 64 75 49 26 90 31 62 69 52 89 135 49 45 9 40 72 6 58 16 -46 -1
33 80 185 46 73 48 28 40 5 46 66 145 43 51 68 24 64 87 52 66 -146 -1
43 59 100 24 49 154 30 19 177 39 99 132 58 82 180 43 26 189 23 70 40 43 64 -792 -1
67 68 105 42 99 97 32 21 161 31 26 5 23 28 22 36 93 13 23 48 -107 -1
7 23 43 25 68 98 29 52 20 38 59 185 41 34 26 52 53 195 30 84 184 55 18 -399 -1
59 47 88 31 32 34 51 58 66 59 58 26 52 57 149 50 68 38 21 99 185 53 19 -237 -1
29 45 89 60 100 103 59 33 38 32 18 33 35 76 176 40 34 71 32 47 105 41 86 8 25 99 183 27 98 -498 -1
21 76 26 31 49 198 54 33 33 55 30 41 44 36 125 42 41 101 43 43 145 58 32 -641 -1
67 66 119 32 40 154 28 57 182 45 53 121 52 15 54 25 95 131 28 44 170 41 38 55 45 30 -627 -1
32 41 39 33 73 141 28 96 176 39 76 132 30 99 48 22 100 100 51 88 182 24 71 -9 -1
2 68 200 25 40 192 39 68 43 21 54 69 38 80 42 57 99 77 26 37 94 20 27 122 26 77 -65 -1
6 45 106 26 47 58 32 79 142 36 65 136 23 65 93 46 72 74 44 37 75 48 94 -118 -1
21 56 84 31 34 197 20 93 141 35 51 163 53 32 26 60 74 175 59 56 56 24 80 32 20 98 199 25 80 -401 -1
46 46 41 43 21 200 49 29 50 45 60 158 26 49 6 59 28 31 20 19 -290 -1
37 65 14 45 71 57 29 28 8 46 46 86 55 78 90 40 23 139 56 14 83 24 86 -67 -1
58 41 196 56 15 58 26 55 11 44 57 47 52 12 128 24 63 177 56 74 164 37 74 -17 -1
20 70 176 58 64 191 47 66 162 29 12 185 30 91 23 43 33 147 40 11 111 59 92 120 25 85 -639 -1
20 62 22 58 59 191 54 13 101 21 100 119 24 38 125 27 100 125 23 85 110 56 34 -55 -1
52 90 25 34 80 174 53 51 76 44 42 25 56 35 96 36 96 -120 -1
62 33 151 54 68 37 46 19 123 28 90 161 40 37 133 58 81 70 23 48 -423 -1
40 68 73 20 80 145 57 85 197 40 43 159 60 49 122 58 69 -434 -1
58 29 10 36 38 132 45 32 31 25 87 164 45 83 136 34 99 150 47 83 126 24 20 -541 -1
59 96 198 35 82 41 35 82 154 40 22 176 36 11 177 20 60 -516 -1
47 44 164 57 60 136 29 18 11 37 38 128 49 66 130 55 84 -44 -1
24 97 160 51 67 31 28 56 100 32 68 119 37 23 148 48 24 48 42 56 116 26 77 -184 -1
24 32 61 56 51 110 28 22 13 56 11 179 36 28 186 53 64 154 21 55 -350 -1
16 60 128 20 36 44 31 57 25 45 69 74 52 30 63 35 44 136 55 47 115 55 45 41 45 64 -470 -1
78 100 146 59 45 93 45 69 145 47 95 34 21 70 162 30 53 -190 -1
49 35 134 46 15 78 32 100 164 40 55 197 46 19 54 58 47 32 20 83 147 28 29 168 41 11 -463 -1
68 70 177 26 67 60 25 45 157 59 34 154 28 21 180 38 23 155 40 79 54 39 43 -532 -1
29 32 198 40 25 8 60 12 101 48 31 39 57 69 118 26 59 -186 -1
45 72 98 20 31 50 40 40 48 36 30 90 60 75 56 37 71 156 50 68 175 40 89 172 44 23 51 36 63 -434 -1
78 76 124 52 65 162 24 73 99 46 80 197 47 33 30 27 67 189 30 69 60 20 22 -592 -1
30 35 16 32 60 56 35 12 33 39 60 145 35 17 66 32 28 -266 -1
53 16 155 38 66 118 37 75 132 54 50 14 53 76 194 29 86 101 20 22 -163 -1
41 50 50 51 28 196 60 98 58 37 90 23 43 94 89 54 63 198 42 51 -206 -1
54 26 160 28 97 180 45 80 14 42 96 71 22 43 151 39 69 57 25 11 59 45 79 -113 -1
25 82 187 59 17 6 28 43 125 30 71 173 34 90 5 34 50 71 34 60 79 53 38 -341 -1
77 20 6 58 44 181 33 84 198 44 65 55 42 88 117 24 29 31 53 42 185 50 74 17 38 60 -250 -1
20 25 126 30 89 26 30 59 49 20 17 64 47 89 102 33 88 -226 -1
45 39 103 59 69 97 42 24 197 34 74 107 51 32 179 27 78 139 31 65 148 41 42 -322 -1
60 27 119 52 27 177 30 35 121 52 51 126 44 96 14 34 18 85 34 64 39 50 65 -363 -1
7 31 64 38 32 163 51 33 36 56 72 181 21 100 186 23 64 49 52 75 169 38 36 -491 -1
2 74 27 54 85 149 37 15 179 30 72 192 56 48 79 31 83 98 43 13 126 42 73 123 28 70 28 46 78 -253 -1
23 34 46 51 33 68 24 30 180 46 67 193 22 83 143 43 50 -15 -1
45 71 30 27 45 91 21 83 146 60 34 102 52 32 94 55 23 73 30 43 171 51 32 143 22 80 -429 -1
10 74 69 30 73 169 52 30 33 60 11 117 22 65 124 21 64 135 57 45 153 33 42 -431 -1
48 35 59 20 15 7 48 88 83 31 56 10 44 83 39 36 35 71 26 62 -169 -1
14 61 9 26 100 88 44 53 22 28 78 190 40 14 163 59 71 -376 -1
41 34 89 54 36 122 27 73 86 28 95 104 36 21 56 31 39 93 43 83 108 46 17 -349 -1
31 68 85 59 41 44 21 91 142 32 62 38 40 43 83 30 75 127 31 12 151 57 71 20 34 63 89 30 95 -569 -1
47 35 179 37 54 13 48 21 190 40 42 49 22 27 187 58 40 120 59 67 45 33 44 -512 -1
56 68 25 49 38 10 49 14 71 42 82 125 44 43 162 26 86 131 36 64 69 53 100 164 25 60 65 47 33 -203 -1
23 54 172 41 62 76 37 33 32 53 43 127 28 10 170 29 95 179 33 78 173 30 74 131 20 66 109 27 99 -756 -1
51 64 81 52 97 114 46 80 65 45 43 17 27 43 86 46 52 -184 -1
28 34 80 22 87 100 56 43 77 28 25 156 30 30 112 25 72 165 48 79 -261 -1
17 83 159 43 97 20 38 82 61 26 16 90 39 48 192 20 77 152 54 58 -295 -1
15 20 10 22 82 107 26 60 48 55 63 28 47 54 182 26 94 197 52 51 177 42 84 139 23 99 112 51 48 -493 -1
5 32 147 40 76 10 30 52 154 33 17 48 57 18 15 22 11 -105 -1
15 24 58 56 30 185 27 17 30 45 84 78 21 78 105 28 35 32 33 42 179 30 29 128 43 33 109 38 93 -162 -1
58 36 191 24 62 49 53 10 141 36 92 18 44 79 150 55 13 175 37 74 109 35 44 -248 -1
4 74 169 45 12 75 28 25 78 45 70 88 28 13 160 47 89 -357 -1
72 17 200 60 64 14 41 39 82 36 40 55 30 97 80 25 10 30 22 45 -110 -1
46 18 36 27 63 58 22 27 126 52 72 190 58 14 79 34 98 178 28 92 84 42 33 159 47 58 167 49 35 -499 -1
51 84 141 21 86 127 59 30 110 53 50 74 35 37 101 49 69 157 32 70 -539 -1
35 31 9 53 47 20 34 14 69 34 25 74 24 79 188 27 32 70 55 64 -149 -1
42 12 168 58 89 110 47 96 185 25 91 164 34 44 150 53 51 -14 -1
2 72 13 43 95 57 49 23 57 22 14 175 60 49 133 43 53 -134 -1
29 49 29 51 35 45 46 97 134 26 76 111 29 23 48 26 30 84 42 17 112 57 47 -331 -1
51 97 200 41 17 181 20 19 111 47 78 56 57 70 174 53 17 -315 -1
78 68 119 33 47 48 56 22 20 25 89 119 31 33 194 37 35 32 51 85 64 55 44 85 34 25 -90 -1
22 23 184 27 11 168 26 72 192 27 45 38 50 65 83 37 34 128 50 33 39 42 65 40 40 65 -117 -1
54 95 183 20 85 190 41 41 124 44 61 42 22 72 142 43 48 23 21 84 -212 -1
5 21 61 27 23 172 28 24 162 34 98 74 58 100 140 50 38 -185 -1
17 85 14 60 12 42 50 98 104 23 26 199 38 62 133 26 91 88 39 90 149 29 14 122 56 16 69 28 92 -115 -1
41 19 184 44 97 178 59 34 54 26 52 35 55 19 156 32 30 53 59 18 184 23 67 12 53 74 -600 -1
62 61 64 55 87 121 22 15 11 27 22 180 27 96 133 31 13 11 45 73 149 24 58 142 58 33 -446 -1
75 58 198 57 73 180 24 12 24 37 38 95 33 68 30 60 95 -231 -1
23 29 118 21 69 139 39 91 31 38 47 54 49 59 150 30 91 13 44 66 175 40 55 131 22 14 113 58 66 -207 -1
67 61 148 36 80 67 22 61 85 36 52 79 45 81 145 48 77 73 22 64 102 60 10 42 23 41 -147 -1
37 60 102 59 68 39 46 16 192 28 24 55 39 76 170 53 54 -169 -1
36 85 119 44 24 10 41 100 90 39 82 161 24 43 155 35 53 114 47 72 30 52 80 54 51 71 -201 -1
14 26 42 52 54 36 24 91 90 20 73 119 36 71 88 46 30 52 29 28 89 38 71 80 42 25 97 22 47 -432 -1
43 21 60 53 24 8 27 20 8 38 79 151 58 69 156 59 71 175 43 68 191 37 29 92 21 67 -624 -1
17 22 29 43 58 29 34 37 128 33 78 97 39 46 111 26 73 176 42 77 117 28 70 196 30 63 154 58 64 -511 -1
63 93 25 25 16 151 60 95 74 57 77 196 54 32 192 23 61 8 39 36 -543 -1
53 35 34 45 87 49 36 10 34 42 75 89 46 67 80 54 79 30 21 15 -174 -1
16 87 197 23 48 172 42 23 74 38 83 41 59 71 165 58 16 -410 -1
5 69 172 41 90 116 53 76 25 22 13 62 20 19 5 43 18 64 29 80 112 59 24 -363 -1
72 87 98 23 78 156 45 90 116 24 27 196 44 40 69 39 31 -188 -1
47 14 98 60 92 20 30 43 29 30 34 25 29 33 102 57 65 184 34 33 21 30 72 51 49 73 75 51 60 -450 -1
77 53 58 50 34 63 37 32 195 42 67 40 35 99 74 22 16 35 56 39 178 50 58 -475 -1
11 37 8 31 73 119 35 40 111 31 73 108 33 99 156 31 76 37 28 33 -304 -1
48 31 126 60 94 168 56 43 138 24 81 33 51 10 124 58 95 -315 -1
36 93 25 35 11 72 53 27 10 32 11 11 56 55 102 43 93 185 36 93 -262 -1
4 93 36 49 10 7 55 49 6 57 49 32 21 14 181 26 72 120 20 11 -76 -1
64 86 170 49 34 130 50 53 168 60 37 163 24 89 57 23 83 89 22 76 16 30 41 -263 -1
40 65 175 46 88 54 55 52 189 24 66 33 36 80 34 30 14 79 24 78 -34 -1
37 48 45 59 35 85 43 43 10 41 55 48 34 92 182 48 72 115 28 76 36 56 71 -182 -1
56 82 122 34 68 54 36 47 166 23 82 187 53 64 15 32 39 -235 -1
34 81 24 21 54 197 29 85 30 24 80 125 45 39 97 23 78 59 23 74 -359 -1
44 57 137 46 25 121 57 34 192 58 81 17 48 11 145 39 96 -246 -1
65 25 117 22 50 86 51 60 9 53 40 20 28 56 134 53 63 17 23 31 40 28 36 75 52 100 69 59 89 -442 -1
40 47 164 27 71 92 20 79 86 42 25 77 40 20 40 28 49 60 31 60 57 31 86 19 26 78 -75 -1
53 24 6 31 82 33 27 27 186 23 52 38 29 50 20 28 25 141 52 92 92 38 34 157 37 40 -272 -1
46 65 137 57 90 104 39 88 132 27 38 118 28 61 101 50 66 18 56 92 -19 -1
70 11 172 56 79 30 27 79 98 39 75 75 45 23 108 57 63 -123 -1
5 92 49 53 48 74 53 12 130 56 41 119 20 49 50 41 46 15 35 22 133 21 68 -511 -1
71 20 180 37 47 58 23 76 152 33 73 126 51 43 64 27 62 74 50 80 114 36 41 133 28 39 60 22 92 -37 -1
24 37 139 34 37 80 23 28 90 59 23 66 56 96 198 23 76 -172 -1
74 31 162 45 42 55 30 47 54 26 32 174 39 30 9 35 13 167 47 73 69 53 88 196 33 20 159 60 14 -833 -1
11 24 33 57 32 181 45 44 55 50 15 155 40 13 37 21 27 82 58 82 42 38 37 101 23 18 -219 -1
49 98 18 26 11 193 44 71 54 52 93 20 41 38 106 54 13 90 38 21 -192 -1
61 53 116 38 94 150 58 51 109 59 99 147 24 23 12 59 15 190 46 61 41 28 65 173 50 68 -572 -1
55 61 185 54 29 76 43 56 99 59 94 17 42 73 15 55 100 -126 -1
14 58 43 30 15 129 42 20 63 35 22 31 21 80 115 45 41 139 58 84 116 28 78 -324 -1
49 19 166 30 77 8 56 68 49 48 95 85 57 75 137 29 37 114 40 85 72 38 33 175 24 65 -610 -1
64 47 54 56 30 79 30 59 104 35 65 50 26 92 159 20 34 103 25 65 36 22 87 -161 -1
50 43 125 56 38 78 32 56 23 40 88 128 52 27 73 49 27 -61 -1
21 38 173 31 24 132 21 56 167 37 61 144 43 19 100 58 100 143 60 96 77 54 44 -261 -1
37 71 183 24 98 122 48 80 118 35 44 11 42 29 134 37 94 60 41 88 64 26 17 72 38 84 85 51 29 -499 -1
50 78 63 52 69 20 29 32 121 55 63 179 27 47 195 20 40 -470 -1
16 33 148 42 99 7 55 28 171 28 14 103 32 58 175 27 69 -2 -1
77 86 42 58 92 35 23 77 111 53 29 71 28 41 175 39 65 180 59 95 -450 -1
74 10 107 30 48 20 23 80 59 24 33 148 59 63 42 46 73 -69 -1
75 11 171 59 20 182 40 98 189 24 13 109 46 47 152 57 52 -143 -1
35 45 50 35 53 103 31 41 96 26 79 142 45 66 190 57 93 147 50 14 9 52 80 -17 -1
63 12 37 35 26 17 24 40 171 34 87 192 29 69 13 35 54 7 58 35 -347 -1
36 47 83 40 94 192 40 15 28 51 80 26 22 87 81 25 88 167 60 48 42 30 69 -411 -1
74 64 63 54 83 156 44 44 67 33 90 39 48 68 130 26 11 -284 -1
75 22 185 46 81 72 29 83 174 32 64 60 35 64 39 30 54 -329 -1
11 30 82 24 22 174 31 51 181 22 75 124 23 77 167 30 53 179 49 52 71 49 85 84 21 60 50 57 88 -600 -1
17 76 193 59 85 66 30 50 101 60 63 127 28 98 96 22 78 -232 -1
61 53 34 45 70 77 38 58 149 58 62 49 36 98 108 49 46 125 25 66 200 49 34 -605 -1
75 97 180 27 60 134 22 66 191 57 21 71 53 25 79 20 33 77 41 17 183 30 19 -373 -1
75 51 179 26 20 146 50 59 61 32 94 174 55 73 135 26 13 148 25 52 23 51 87 102 42 34 9 34 82 -410 -1
24 14 172 33 40 76 30 76 167 57 29 41 23 20 125 21 14 132 40 55 71 60 89 -92 -1
80 64 26 43 29 54 23 46 57 36 98 88 37 81 20 24 35 117 33 20 -100 -1
20 98 68 24 67 159 32 73 51 20 63 99 37 43 45 49 84 180 49 63 141 58 59 97 44 16 60 27 20 -60 -1
44 13 14 50 61 76 41 98 87 21 96 123 27 39 181 48 39 17 54 47 -481 -1
74 42 174 54 80 160 40 34 57 44 41 30 60 21 69 29 74 63 35 92 175 28 59 141 56 19 -294 -1
28 78 128 55 25 167 21 83 89 47 19 188 48 15 166 59 21 109 37 84 77 60 78 111 56 65 142 30 40 -12 -1
65 30 13 46 94 98 58 13 133 48 73 181 57 90 79 20 80 194 60 18 -520 -1
17 14 98 41 81 48 44 69 18 36 72 75 23 29 50 51 25 43 27 93 -133 -1
6 55 39 29 71 175 56 44 135 50 69 98 44 16 157 50 68 97 29 84 49 35 51 7 27 35 -529 -1
21 33 151 45 77 67 52 65 6 20 51 128 40 16 191 32 35 26 58 52 133 24 51 31 56 34 -67 -1
10 30 147 48 97 30 51 39 123 22 79 57 22 51 148 46 66 65 39 52 -70 -1
12 70 199 42 48 58 28 30 14 24 51 122 49 59 186 35 83 151 52 25 -434 -1
9 85 142 57 79 148 47 41 82 58 40 88 40 56 156 57 88 -304 -1
67 63 147 25 49 34 53 72 95 40 74 182 22 62 194 49 20 169 59 85 119 35 88 73 41 60 176 37 47 -271 -1
31 41 157 49 26 134 28 87 43 24 16 68 33 68 194 60 50 -317 -1
15 39 189 45 75 49 40 69 97 50 69 132 51 21 107 21 62 152 50 56 173 35 47 143 22 80 -424 -1
58 49 101 57 76 38 53 58 95 20 83 18 31 25 142 40 38 -64 -1
56 57 5 44 53 75 57 59 63 59 94 159 38 33 169 28 60 79 48 24 186 25 66 -665 -1
26 95 185 50 77 21 50 89 101 36 90 132 42 50 34 30 91 66 45 73 52 37 63 189 49 25 -457 -1
69 61 156 31 16 55 26 52 55 23 81 21 45 66 122 32 66 39 25 30 139 56 28 171 50 100 182 34 87 -275 -1
13 54 161 43 27 162 23 94 108 59 92 167 40 13 192 52 13 98 54 97 196 36 10 111 24 47 -1017 -1
63 99 127 30 17 102 58 79 53 42 79 120 30 58 33 27 19 25 36 70 22 46 37 55 31 69 65 25 60 -230 -1
18 70 11 56 82 22 32 33 59 38 50 25 40 35 60 49 64 -71 -1
26 16 191 25 24 144 47 19 115 48 81 21 58 34 92 54 29 104 57 43 56 50 87 -354 -1
53 25 15 23 66 26 59 44 28 27 82 72 48 96 29 24 54 60 21 93 81 33 15 -17 -1
24 20 131 32 20 54 52 60 42 53 84 89 38 30 158 34 60 98 35 68 37 32 59 125 41 21 85 57 71 -17 -1
23 89 178 36 89 57 28 40 53 37 42 47 35 88 33 21 44 105 50 54 117 27 17 -356 -1
75 55 34 51 47 87 38 22 15 40 77 14 43 42 12 42 88 -75 -1
59 34 73 25 20 110 39 59 9 28 82 43 37 55 84 29 36 92 50 69 -119 -1
30 43 169 47 16 12 29 30 193 52 17 167 48 56 161 46 50 49 20 45 109 42 28 -176 -1
54 87 68 26 15 129 21 25 88 35 88 200 24 11 115 32 48 49 51 43 7 53 96 160 45 63 22 37 43 -132 -1
14 60 121 47 24 29 23 43 98 57 77 178 47 46 13 30 25 118 36 68 151 45 18 149 36 49 173 22 23 -156 -1
33 72 12 37 83 160 35 72 137 53 91 155 50 96 132 59 69 95 60 65 -50 -1
6 57 173 37 54 176 33 23 101 48 36 9 20 45 61 43 90 60 52 58 118 29 36 68 24 67 -97 -1
9 33 117 57 86 200 52 11 127 50 34 20 59 11 92 32 53 105 36 26 44 60 69 110 33 27 27 32 53 -496 -1
42 43 96 35 41 142 53 20 61 59 39 20 38 90 94 40 44 82 31 84 -310 -1
63 73 11 57 23 51 21 10 51 27 54 157 44 90 147 27 56 64 47 29 20 46 54 -211 -1
57 20 73 27 21 197 49 17 178 59 92 175 53 90 160 40 58 181 41 33 -802 -1
74 10 45 53 59 177 38 25 106 35 56 185 27 17 170 20 45 65 58 42 -559 -1
4 76 14 35 79 200 36 90 55 54 21 18 26 88 197 43 52 149 21 88 182 20 39 24 41 27 111 36 88 -495 -1
5 76 95 32 75 120 20 68 150 58 49 117 52 48 73 41 62 -419 -1
41 56 40 40 85 24 46 50 185 25 61 196 47 52 44 47 15 39 26 22 113 59 30 158 37 41 193 27 84 -392 -1
48 63 48 29 91 72 49 74 23 36 77 77 22 100 150 52 75 37 49 95 116 37 61 144 56 69 -212 -1
54 55 121 21 43 41 40 16 168 40 82 24 58 50 177 39 46 50 35 71 -79 -1
26 57 117 36 21 198 42 82 171 41 78 116 23 88 16 54 100 197 35 62 96 29 26 -365 -1
75 93 121 21 27 20 23 16 79 29 46 6 32 86 188 53 67 75 34 28 197 38 69 -434 -1
71 13 151 53 41 108 20 42 166 43 10 134 25 93 118 35 38 89 54 15 96 32 47 122 32 98 29 43 54 -615 -1
33 18 86 46 62 25 41 93 100 46 86 107 47 13 102 37 100 79 27 71 -112 -1
30 62 7 33 15 83 46 63 88 50 25 125 25 39 34 30 15 76 48 27 -159 -1
17 88 34 47 10 73 23 40 145 56 74 146 31 62 39 42 89 34 37 51 -126 -1
9 98 123 49 90 158 45 57 44 50 42 64 36 66 159 54 11 120 38 10 180 36 60 151 27 63 -282 -1
22 44 131 45 15 133 43 67 195 57 27 79 57 11 57 57 50 163 50 10 5 49 37 15 42 16 75 46 65 -154 -1
75 23 177 60 59 86 31 26 28 23 80 15 29 27 7 51 25 32 58 98 195 30 94 91 43 91 -220 -1
57 56 88 27 28 175 51 61 41 26 18 165 56 79 105 49 88 -466 -1
71 57 43 27 35 112 38 63 21 60 87 163 31 91 194 57 91 111 36 93 97 32 17 -538 -1
39 23 64 29 48 77 54 56 43 31 28 35 54 92 133 33 21 28 43 47 98 55 82 169 35 91 -365 -1
31 57 125 54 40 127 25 33 131 37 83 124 34 33 19 43 96 135 60 16 26 28 39 33 24 93 -543 -1
53 49 47 35 11 69 42 11 43 43 73 63 35 26 25 43 37 163 34 64 163 47 79 29 49 40 -114 -1
35 38 176 44 20 19 35 54 155 26 46 108 35 91 196 27 93 67 43 65 110 48 23 -507 -1
40 57 41 42 95 75 60 48 151 28 69 38 39 64 190 51 44 89 52 84 85 44 92 176 34 99 -213 -1
8 11 80 52 64 21 33 70 149 27 10 191 22 60 25 48 91 170 33 13 100 45 85 72 44 31 144 43 42 -171 -1
3 28 10 53 94 104 21 62 175 37 18 119 42 95 160 20 30 -460 -1
8 35 141 38 68 188 38 55 36 29 20 121 53 13 141 55 40 144 44 60 111 31 52 -708 -1
45 80 186 30 50 15 57 94 15 50 45 32 52 62 58 46 98 199 32 88 -48 -1
54 45 44 43 68 18 28 96 165 41 99 91 53 85 120 25 93 175 39 72 -287 -1
11 74 47 48 58 71 26 37 47 37 16 25 49 26 15 55 18 46 31 46 171 51 68 10 27 32 -235 -1
73 56 189 47 24 164 39 68 186 54 27 15 34 74 127 25 78 110 40 63 78 43 28 30 47 16 181 59 86 -641 -1
15 92 174 38 84 167 45 40 121 48 95 173 51 29 37 25 72 193 54 73 199 23 77 113 44 75 -253 -1
70 15 172 43 94 138 32 78 60 45 17 15 35 68 72 47 39 104 30 19 195 56 39 180 30 71 -362 -1
58 63 149 58 50 188 58 40 193 38 85 117 32 83 173 31 79 -583 -1
4 44 49 24 19 23 53 39 187 58 43 72 31 26 122 51 42 75 50 66 -40 -1
63 92 89 43 78 110 20 32 77 22 42 148 50 24 170 59 69 -118 -1
29 26 83 29 46 134 38 86 58 40 54 109 30 57 143 46 43 117 35 95 -499 -1
22 43 171 45 100 84 60 34 163 21 60 169 25 24 104 47 19 109 50 89 153 49 32 -95 -1
9 12 100 54 99 191 21 43 133 34 19 160 43 33 58 49 59 -34 -1
41 74 32 51 57 68 29 70 128 59 78 200 21 88 32 26 61 -294 -1
11 41 181 27 46 103 50 32 77 58 25 113 27 29 12 26 16 63 20 23 144 20 66 -137 -1
55 59 82 42 71 104 46 94 99 39 35 8 43 93 171 44 65 47 22 15 93 45 75 68 51 15 -319 -1
49 89 118 31 51 131 44 36 190 43 59 137 34 38 126 43 53 -83 -1
33 53 118 43 96 124 53 94 92 58 75 185 57 77 96 60 65 104 59 27 -569 -1
55 16 34 32 48 72 27 99 78 37 64 83 33 36 80 45 83 192 45 29 72 57 59 93 56 67 70 44 89 -308 -1
40 28 29 22 95 110 47 78 93 33 41 178 60 80 30 27 29 54 59 75 86 35 44 113 55 31 188 52 67 -350 -1
12 18 39 42 96 11 57 88 139 49 79 41 31 31 163 57 18 55 52 95 173 50 68 115 59 32 -569 -1
13 90 146 37 42 155 49 87 95 56 62 74 44 65 24 58 94 32 20 93 100 53 86 52 57 45 186 60 99 -182 -1
39 51 112 34 56 87 50 95 59 42 39 81 54 62 83 54 14 -211 -1
65 10 195 48 25 128 52 85 94 54 54 6 38 68 198 58 83 175 35 63 -579 -1
64 48 30 28 19 100 33 60 197 40 65 151 21 96 171 42 22 82 25 31 -299 -1
41 87 20 33 84 102 49 79 173 45 48 200 40 75 160 59 67 89 20 31 174 45 21 181 36 36 -264 -1
26 24 180 21 86 113 30 15 48 20 15 25 31 12 179 54 54 94 59 11 48 39 86 162 47 88 121 22 80 -227 -1
11 29 47 46 86 17 43 46 139 22 96 115 52 29 78 41 87 192 54 94 -452 -1
40 68 72 43 17 199 55 19 102 56 13 120 36 79 172 23 61 -118 -1
31 32 115 51 36 15 56 47 196 22 72 52 40 63 138 46 33 48 37 79 55 59 91 146 33 36 -575 -1
38 42 53 27 17 144 51 100 196 41 31 161 46 76 59 28 50 105 48 56 15 32 11 188 51 100 -686 -1
72 48 102 40 36 89 45 39 153 36 49 84 20 51 46 60 75 194 47 28 106 42 58 48 21 81 -538 -1
5 63 63 31 67 107 20 16 89 49 30 188 28 22 55 28 47 -213 -1
72 28 199 46 57 103 44 57 59 21 73 43 23 76 191 25 100 155 23 33 -130 -1
40 14 85 36 41 74 40 87 135 40 63 41 29 93 184 35 29 66 59 66 -331 -1
56 41 114 40 56 108 28 62 20 40 23 87 46 100 155 56 74 175 46 78 62 32 79 161 24 75 -712 -1
56 72 40 57 49 7 53 98 49 59 47 158 54 40 189 52 44 -371 -1
62 56 161 51 88 102 41 32 189 47 34 140 24 100 160 24 71 -142 -1
7 48 193 44 58 153 52 53 162 42 12 22 60 49 161 37 70 87 52 82 66 29 26 -139 -1
35 86 148 32 49 184 20 28 96 58 41 41 31 49 163 28 30 91 42 61 196 23 24 31 54 79 -298 -1
13 11 197 36 65 159 49 37 181 42 29 124 49 53 137 21 12 102 35 74 -424 -1
67 97 119 32 47 128 38 54 128 30 38 131 27 30 60 38 75 -48 -1
1 57 157 48 73 140 30 82 192 33 14 150 54 86 159 49 18 194 26 68 -100 -1
76 82 105 44 69 52 34 22 91 51 66 12 22 87 133 51 13 151 59 74 67 28 39 114 37 87 -572 -1
13 95 50 21 26 90 33 12 5 35 57 20 28 56 46 52 98 47 57 25 196 53 15 -396 -1
7 77 32 23 96 95 33 81 46 27 89 103 60 55 18 43 29 192 59 14 137 26 68 91 50 21 -353 -1
55 12 167 23 59 26 24 44 191 44 79 85 31 78 196 34 19 167 34 16 67 34 52 170 32 73 8 44 46 -294 -1
62 76 22 31 33 184 33 54 97 30 54 10 60 63 117 23 29 92 49 40 186 42 15 96 44 81 74 26 48 -8 -1
65 30 64 50 64 156 35 14 125 50 74 42 60 52 5 34 28 74 58 76 90 30 24 -114 -1
65 55 153 53 25 55 57 95 88 37 81 170 36 46 184 34 58 -227 -1
61 12 99 53 26 74 30 79 189 55 90 141 35 17 111 48 10 190 29 80 94 45 47 -487 -1
28 59 34 42 60 105 29 78 166 44 85 63 40 89 20 38 76 44 50 74 103 53 41 138 32 94 -249 -1
42 59 132 31 94 75 42 75 76 41 20 41 31 93 125 60 59 -88 -1
52 49 179 48 20 89 34 42 91 43 91 69 58 68 131 55 22 170 28 44 90 56 99 -341 -1
80 86 96 44 81 49 34 96 96 50 78 62 36 56 108 36 21 167 35 63 7 57 58 105 22 35 151 40 13 -578 -1
12 61 75 27 99 124 37 21 138 36 83 83 57 50 200 56 50 78 58 92 -573 -1
11 94 100 37 13 163 42 62 86 56 81 60 50 46 77 30 97 65 43 73 124 26 99 -516 -1
78 35 187 57 48 133 47 29 75 26 28 106 54 26 83 58 70 -159 -1
6 93 185 50 85 169 55 23 17 58 62 49 47 22 165 35 70 26 43 67 104 49 44 145 55 77 105 27 58 -126 -1
70 36 66 37 87 184 21 53 15 29 54 53 48 28 47 42 38 -231 -1
8 45 190 30 83 133 31 94 67 58 10 23 28 59 142 55 62 -305 -1
30 83 120 48 51 78 29 84 57 51 82 99 49 59 93 25 74 198 46 14 144 40 16 125 38 56 -157 -1
51 68 160 27 58 110 57 37 155 24 72 145 45 75 63 42 45 -361 -1
77 39 160 45 95 75 57 87 36 58 70 88 34 58 200 47 80 -160 -1
3 44 5 53 49 26 45 21 154 54 16 48 32 67 46 51 54 -130 -1
72 56 24 26 30 38 57 10 113 52 44 92 24 14 23 59 72 -13 -1
26 68 52 59 24 121 59 83 192 60 46 38 58 99 103 36 94 6 60 43 85 43 45 -242 -1
31 12 159 46 28 8 49 54 21 46 40 34 44 75 136 30 32 120 32 88 12 46 66 -297 -1
29 97 77 35 44 162 51 44 50 46 15 81 38 50 70 50 42 67 38 64 34 42 64 -317 -1
22 35 30 58 87 63 34 20 176 34 29 45 54 36 74 59 28 74 52 38 103 35 48 -514 -1
31 66 11 49 33 74 24 85 156 48 22 37 38 52 153 25 70 -176 -1
12 67 127 41 13 117 57 66 183 42 42 165 29 21 158 44 78 198 46 67 104 25 22 -677 -1
9 25 47 58 58 161 48 92 142 34 10 120 29 22 165 39 10 21 43 68 151 52 80 -145 -1
49 95 45 30 27 122 58 60 185 51 94 178 26 27 190 52 38 90 39 37 26 40 15 57 50 20 101 21 91 -893 -1
79 22 126 27 73 138 53 89 102 32 24 71 24 56 21 46 98 56 55 28 24 35 94 -279 -1
55 47 162 38 39 130 38 66 10 43 97 141 41 32 96 41 33 25 47 85 79 33 80 109 29 56 -15 -1
44 44 178 46 51 118 35 24 29 31 35 61 21 45 66 27 99 105 50 89 -266 -1
39 87 190 30 14 78 20 58 92 58 18 199 28 50 195 52 43 184 53 98 102 42 27 92 58 34 -815 -1
65 16 127 33 88 35 50 71 40 44 55 138 42 82 166 30 33 133 43 66 -398 -1
27 67 11 20 63 54 45 38 105 33 82 17 44 61 12 29 14 82 25 26 153 38 21 -61 -1
20 67 46 57 88 36 50 36 166 28 57 61 24 34 41 31 49 106 26 82 -276 -1
13 58 42 47 75 63 32 56 111 24 84 184 40 44 41 34 49 83 33 28 167 25 10 -382 -1
16 71 62 29 100 55 58 55 182 53 29 159 38 54 11 25 28 73 21 74 191 58 10 153 22 35 -721 -1
9 60 89 49 78 140 56 56 144 45 91 197 21 49 52 43 57 171 59 47 140 26 70 -340 -1
35 11 113 44 95 45 57 64 151 43 22 155 44 28 8 33 10 112 40 29 -435 -1
32 57 83 37 19 109 38 48 141 35 78 133 49 32 163 55 84 27 51 46 35 41 56 -553 -1
14 94 35 55 25 58 20 73 15 45 17 115 42 64 80 48 71 -174 -1
7 28 101 26 93 143 31 98 19 36 24 122 44 47 68 50 55 107 20 93 180 56 76 184 22 26 -347 -1
1 69 131 28 13 99 23 86 91 32 64 9 59 65 112 60 14 -194 -1
30 91 190 57 77 122 35 56 178 23 61 20 37 86 171 33 11 -63 -1
22 81 93 20 77 13 34 57 164 59 95 88 38 78 187 37 52 199 29 79 16 45 30 172 34 73 -31 -1
8 14 95 51 80 118 21 43 147 54 44 171 21 76 145 29 78 39 26 71 58 58 30 33 42 26 -643 -1
43 52 92 52 30 192 54 59 112 56 29 68 38 66 154 40 93 16 54 58 133 40 87 140 50 16 129 40 85 -678 -1
3 52 164 44 79 74 44 12 177 51 31 10 58 40 43 23 53 136 29 49 117 58 35 -465 -1
49 40 155 35 79 187 27 59 137 43 17 85 47 59 72 52 65 -242 -1
36 43 193 26 84 70 44 43 134 29 39 67 23 76 120 24 91 22 30 64 -25 -1
64 22 131 26 40 92 58 17 29 46 15 33 47 19 36 41 92 21 31 14 101 51 70 191 28 31 -93 -1
43 93 103 49 98 195 47 60 115 52 49 28 54 15 75 35 100 -224 -1
60 32 128 32 45 10 53 22 165 33 34 102 29 65 13 55 66 185 51 44 70 29 50 189 57 41 134 52 44 -744 -1
70 64 25 56 84 53 25 24 178 57 65 120 30 71 123 30 86 7 42 71 113 35 87 180 35 25 159 44 25 -930 -1
55 32 49 34 36 55 29 20 199 49 20 188 40 12 85 42 12 98 48 41 189 20 82 18 44 49 36 54 17 -675 -1
7 25 188 43 97 133 21 63 94 57 37 88 53 33 165 48 40 62 32 11 44 44 65 150 31 17 -77 -1
64 53 104 27 31 173 29 51 93 57 93 157 60 82 200 32 74 46 54 97 158 48 27 192 36 69 98 21 11 -898 -1
8 67 6 57 13 200 49 55 123 44 53 108 37 54 169 49 70 12 39 32 143 21 39 -124 -1
30 83 120 24 98 188 20 69 35 21 16 156 40 36 149 35 49 87 42 27 28 46 88 83 41 68 65 44 82 -388 -1
53 26 74 41 31 137 48 94 47 32 12 185 35 74 177 55 75 145 29 45 37 29 48 184 28 68 153 34 89 -377 -1
20 85 70 25 65 159 46 99 7 32 74 118 26 88 45 60 18 120 38 48 161 22 64 157 26 34 65 27 43 -446 -1
57 98 161 39 30 31 27 17 67 42 52 28 47 68 12 20 94 21 22 12 83 54 73 50 40 96 84 48 31 -55 -1
67 22 188 55 60 36 28 98 118 53 42 156 26 51 57 27 82 -1 -1
71 15 145 57 87 5 53 10 44 52 90 193 29 95 182 31 44 -50 -1
19 27 146 27 15 174 33 22 47 29 35 165 32 100 98 51 97 48 33 64 196 41 76 -569 -1
79 17 158 22 10 79 33 24 84 39 54 88 32 75 188 39 47 44 46 85 32 57 84 -387 -1
59 13 70 46 83 8 21 25 126 27 69 90 34 96 174 22 73 147 53 78 97 35 32 -325 -1
78 53 179 30 70 193 43 44 175 41 72 68 46 41 87 53 39 173 26 88 115 32 47 -271 -1
51 36 116 21 49 83 45 61 112 46 83 128 40 53 36 29 74 76 35 55 63 28 33 76 35 29 134 23 94 -397 -1
42 41 90 47 13 199 44 44 33 60 62 189 58 27 107 57 39 34 56 35 -320 -1
18 80 197 37 91 142 54 31 6 22 12 16 38 64 110 21 32 57 56 29 69 25 25 90 37 77 101 24 42 -306 -1
76 59 194 22 99 100 22 74 48 28 29 112 41 14 46 26 41 196 29 38 -72 -1
10 13 23 37 81 8 32 23 34 28 95 67 30 72 129 55 13 10 27 60 76 37 56 116 30 85 -14 -1
44 90 87 20 78 119 47 70 65 29 34 53 23 36 87 52 42 134 37 40 120 44 94 65 47 87 76 26 68 -136 -1
38 12 58 52 46 155 36 63 79 56 22 19 53 80 108 46 56 180 21 25 5 38 71 153 35 55 165 35 54 -180 -1
29 21 149 52 10 110 30 68 198 20 100 101 53 89 8 33 45 16 41 58 -132 -1
18 96 41 37 11 17 46 90 56 58 67 113 31 72 174 30 23 90 55 49 -29 -1
58 61 167 51 63 168 57 42 195 43 100 30 41 93 79 50 97 -262 -1
50 16 89 35 21 12 30 55 154 41 47 9 45 56 143 21 47 178 28 95 193 47 58 8 26 18 24 26 99 -677 -1
42 44 92 39 74 60 55 43 151 20 42 104 32 52 90 58 93 -61 -1
30 22 140 57 64 152 25 74 126 39 89 86 38 43 169 45 78 99 30 26 148 58 79 157 21 31 47 33 81 -652 -1
50 36 94 36 46 109 37 63 112 59 58 195 33 90 182 59 47 106 27 37 123 47 59 175 36 10 -920 -1
4 96 22 29 24 61 21 16 7 47 90 14 45 50 117 50 64 97 35 62 83 32 48 153 47 62 147 49 10 -237 -1
31 62 9 43 53 20 44 76 144 53 19 139 48 57 123 23 72 -90 -1
68 93 47 53 94 17 47 92 142 26 84 21 34 55 116 36 64 40 33 26 -257 -1
25 58 75 32 84 198 35 85 169 39 76 81 32 62 24 51 46 95 39 35 42 20 52 -1 -1
17 20 175 55 33 81 34 92 133 56 98 157 39 51 42 47 39 33 35 97 96 57 36 123 58 23 32 32 27 -690 -1
3 83 191 52 97 35 28 86 163 36 28 11 44 99 17 41 16 177 47 88 -176 -1
12 18 43 56 53 155 37 14 100 58 72 100 55 42 128 24 32 144 37 18 -344 -1
63 99 85 41 64 41 34 75 78 42 75 172 41 22 180 43 74 23 58 98 132 53 66 175 26 76 -306 -1
14 46 44 52 32 149 21 99 91 56 89 5 25 92 183 55 15 177 45 62 -292 -1
42 17 115 47 50 157 25 60 171 34 65 140 36 10 129 34 60 116 50 47 24 50 95 106 43 41 -656 -1
27 78 153 50 55 182 36 89 56 31 85 49 58 22 124 57 92 57 49 48 111 24 81 165 45 65 9 21 74 -285 -1
40 62 124 56 74 135 22 56 151 55 49 142 57 48 164 20 90 25 48 52 186 39 72 142 25 35 -658 -1
75 44 75 54 79 116 57 50 33 41 92 195 26 46 91 32 96 132 34 54 183 60 20 -399 -1
9 67 183 20 91 102 59 30 77 48 27 97 23 41 148 24 95 -99 -1
1 89 112 51 78 120 47 26 109 50 77 28 36 73 176 31 63 160 47 34 105 25 89 -145 -1
36 67 136 46 36 186 24 77 198 20 65 168 49 28 80 36 57 67 41 22 92 58 70 34 49 67 -579 -1
10 72 7 57 49 13 45 85 137 33 77 82 60 32 16 39 15 69 39 20 124 30 31 163 49 12 98 24 58 -651 -1
38 58 122 34 94 58 60 83 51 25 42 184 25 55 42 30 67 -24 -1
5 26 198 52 84 10 45 57 194 43 42 147 38 15 193 46 91 33 50 47 116 46 89 189 58 22 142 56 48 -903 -1
27 73 82 23 69 197 26 36 27 33 79 156 29 10 45 22 56 82 54 10 67 36 93 5 49 18 10 60 48 -389 -1
64 31 159 59 35 161 40 37 40 31 76 27 36 82 125 53 84 157 32 83 65 50 79 187 36 72 -203 -1
22 24 47 27 44 191 34 46 57 55 76 52 39 55 17 21 75 182 49 16 -210 -1
14 59 39 52 98 18 20 75 68 20 92 91 26 11 141 43 74 157 41 97 200 59 91 -140 -1
23 83 97 60 92 120 20 51 37 23 46 55 27 28 148 49 55 -166 -1
50 80 200 51 10 67 25 31 52 60 69 132 39 94 73 54 10 200 40 76 67 59 52 159 50 15 -496 -1
60 86 87 51 91 52 55 89 84 56 67 100 22 82 170 23 87 140 59 42 109 47 77 97 24 100 113 59 62 -117 -1
60 77 87 41 60 157 20 92 76 28 29 200 21 38 33 51 60 22 50 13 198 60 77 187 32 19 -204 -1
50 10 198 39 59 166 50 30 140 57 70 192 33 56 5 46 23 62 43 14 124 24 24 59 39 53 79 51 69 -715 -1
10 94 173 23 96 101 20 99 196 60 99 67 56 45 178 36 64 145 38 88 -614 -1
61 76 22 36 28 37 52 37 132 29 36 183 27 95 98 27 58 -123 -1
21 92 160 41 49 24 49 97 107 60 37 78 28 96 126 32 77 195 46 77 112 27 79 175 38 16 10 52 69 -631 -1
80 93 138 20 15 155 59 22 58 29 49 11 52 64 57 28 45 -202 -1
7 34 195 53 63 196 59 58 194 43 45 63 21 20 157 42 43 173 26 76 161 52 51 -371 -1
47 95 164 53 64 135 48 68 40 44 96 143 22 59 45 50 35 17 60 62 37 40 38 164 31 96 153 38 32 -404 -1
70 89 30 21 86 128 25 37 26 33 74 103 24 71 35 25 71 29 47 47 154 34 73 196 45 95 -88 -1
38 36 175 56 60 57 31 75 89 54 50 48 31 56 85 57 88 8 36 25 7 44 38 21 60 61 -101 -1
69 44 45 20 33 107 40 93 22 53 56 19 52 57 110 39 57 177 38 88 178 55 16 179 58 73 23 51 53 -722 -1
43 86 88 55 39 110 44 12 136 34 88 57 57 66 43 32 100 49 50 62 91 46 78 14 37 25 62 39 86 -283 -1
41 40 21 35 12 75 44 65 132 40 81 52 26 77 119 32 11 48 20 98 139 40 58 -385 -1
52 49 41 36 81 74 43 44 169 30 80 83 52 65 53 43 30 179 21 50 159 42 52 -636 -1
15 42 73 21 52 39 45 75 92 58 32 72 25 86 89 60 46 177 24 28 111 46 93 72 31 60 192 30 65 -625 -1
55 16 13 54 77 154 21 36 200 30 74 84 45 74 197 35 18 -478 -1
58 12 180 46 14 9 32 59 151 34 57 199 21 28 19 50 37 52 58 16 -19 -1
5 93 12 23 52 147 41 19 59 42 33 124 47 58 69 30 77 155 34 32 -319 -1
29 93 113 41 42 188 23 23 13 27 94 81 58 82 19 26 32 108 41 97 -243 -1
10 72 121 56 23 31 29 37 131 25 60 169 49 48 26 20 44 193 59 96 109 36 87 106 52 15 105 40 66 -271 -1
56 59 108 42 91 180 22 23 18 38 14 12 38 21 170 28 69 159 59 38 -278 -1
45 23 84 30 93 8 23 71 130 51 50 61 25 82 108 51 79 28 21 21 182 43 64 29 20 73 -174 -1
18 87 33 48 83 31 36 45 19 55 30 197 29 55 191 47 18 20 42 95 -10 -1
77 96 176 29 94 139 56 30 138 59 46 127 41 70 50 34 59 136 59 81 -355 -1
14 39 79 51 97 142 30 48 122 41 32 163 30 76 69 46 90 -201 -1
41 38 53 56 51 12 60 13 169 57 74 193 26 56 189 41 69 60 31 89 128 48 67 64 32 53 -757 -1
28 77 183 45 19 41 23 45 200 26 82 71 35 37 84 40 37 49 24 62 192 59 51 170 20 91 -305 -1
73 99 100 37 13 8 44 19 129 24 29 11 41 52 89 44 68 -157 -1
54 41 18 56 88 86 52 66 181 23 53 188 50 96 132 47 55 162 49 57 195 26 19 -148 -1
12 27 59 55 88 148 41 50 137 30 73 167 54 19 32 48 82 139 53 31 108 55 84 48 33 61 -493 -1
29 14 75 48 29 174 50 76 65 25 97 38 44 23 77 52 10 22 23 38 197 56 66 -505 -1
41 61 155 20 37 131 53 93 19 57 82 138 43 38 16 29 83 -144 -1
14 26 114 45 80 109 60 59 53 59 57 68 25 54 9 58 11 -231 -1
37 99 131 60 69 199 21 25 146 40 97 21 43 81 185 59 56 87 60 29 118 26 84 -353 -1
24 63 72 28 85 198 21 36 20 31 44 141 29 31 128 52 78 166 42 96 21 27 56 46 39 82 -483 -1
51 34 180 39 68 12 49 85 170 52 63 147 36 12 109 29 91 70 48 27 5 22 85 190 32 82 -690 -1
6 91 44 23 16 53 42 15 133 39 75 29 50 12 142 60 85 140 21 24 77 38 13 188 35 79 -677 -1
38 32 101 33 11 142 47 46 30 50 32 77 42 56 95 21 86 27 37 75 49 32 33 -411 -1
50 53 196 30 39 20 30 14 142 49 59 52 41 94 186 33 88 28 38 45 -237 -1
17 65 195 39 43 138 49 27 181 51 14 177 20 11 21 43 37 24 40 99 35 21 54 97 57 20 24 28 36 -559 -1
61 25 138 28 38 91 46 22 67 38 31 93 35 63 58 37 12 40 32 71 197 39 33 -126 -1
78 81 8 24 15 40 25 95 173 20 78 11 26 12 172 27 35 113 56 81 154 43 28 89 45 11 -632 -1
8 40 185 23 45 68 46 93 152 52 57 61 45 27 188 29 37 62 49 86 196 34 43 45 22 68 -524 -1
32 58 194 45 100 34 23 40 152 26 46 69 29 40 133 28 39 -20 -1
78 88 53 27 32 91 59 84 66 58 61 67 34 70 173 34 59 199 43 92 121 60 69 53 39 11 -141 -1
61 72 143 29 82 154 60 49 86 50 62 175 28 77 159 36 24 44 47 69 55 24 78 -40 -1
9 33 38 36 88 132 42 15 196 60 15 72 26 38 165 43 39 197 27 42 179 56 51 -711 -1
78 56 79 34 69 155 48 36 38 52 72 10 28 96 200 40 43 108 32 89 128 41 31 -463 -1
74 41 68 30 28 197 45 82 37 22 23 8 56 88 160 54 30 58 32 56 28 42 22 38 43 27 147 39 99 -255 -1
48 44 32 22 89 140 22 13 126 45 18 193 57 10 185 32 84 192 59 49 103 20 15 188 25 29 112 46 94 -451 -1
18 28 54 52 43 48 44 33 127 24 70 42 36 92 110 60 25 76 26 79 104 23 43 -337 -1
34 87 61 59 99 82 45 62 153 21 60 94 46 59 152 54 26 -114 -1
11 13 51 57 86 165 53 55 51 32 96 84 60 72 130 34 22 -368 -1
76 36 167 28 13 198 38 21 106 22 66 138 49 77 55 38 73 115 47 65 -1 -1
21 22 51 33 86 43 54 33 93 52 33 108 27 19 66 21 100 59 27 21 23 30 69 -347 -1
2 32 55 23 17 45 51 63 165 53 69 181 45 45 139 41 54 42 57 10 73 52 58 195 45 94 -463 -1
50 88 120 30 14 127 44 27 14 47 37 98 36 25 133 53 27 171 23 37 -488 -1
2 74 116 38 53 69 46 20 124 35 91 67 53 98 174 33 67 -415 -1
60 76 69 55 97 10 57 54 11 53 51 87 27 82 108 45 56 182 40 79 -329 -1
62 79 134 26 88 34 55 21 39 28 15 7 35 49 26 26 97 101 45 25 69 47 18 185 31 68 -302 -1
55 60 184 26 44 20 32 33 119 57 91 105 40 80 92 30 34 -282 -1
46 82 70 30 25 98 54 43 162 58 13 89 36 82 190 55 50 164 43 62 -473 -1
30 78 186 59 74 67 60 19 175 40 10 84 32 82 48 41 82 109 48 33 -265 -1
68 28 111 23 80 180 51 21 114 59 44 141 23 42 60 36 25 -328 -1
57 46 96 46 98 11 41 81 163 35 22 34 26 66 172 50 100 -359 -1
33 53 49 52 75 48 22 65 69 52 31 92 32 28 168 60 22 182 43 20 158 21 10 -502 -1
26 32 74 59 53 100 44 72 196 48 71 177 39 59 36 57 92 50 49 17 173 37 51 168 28 61 -838 -1
18 41 169 50 49 89 22 65 137 31 98 141 50 32 22 36 12 19 30 50 112 42 44 108 50 66 35 27 66 -615 -1
72 69 19 52 72 74 42 28 154 26 44 191 47 35 53 38 14 49 48 73 26 46 97 -200 -1
66 10 179 34 32 169 29 86 87 59 86 197 52 44 43 23 17 128 34 30 167 28 28 174 26 10 127 55 63 -430 -1
22 73 118 47 32 11 32 49 73 44 40 81 21 54 28 22 85 135 26 73 38 45 82 -126 -1
44 71 44 56 77 24 39 72 176 20 27 189 20 69 53 28 32 110 46 24 18 60 88 16 42 71 49 27 81 -412 -1
6 72 7 60 55 82 23 17 184 40 88 146 39 59 10 21 34 162 25 15 -509 -1
36 86 44 43 55 134 59 22 103 46 45 41 59 60 170 53 30 -394 -1
42 47 146 41 68 98 55 100 62 32 22 14 58 11 199 44 53 118 27 21 154 27 72 68 59 87 -193 -1
34 51 45 24 61 67 25 28 97 35 55 67 22 95 60 56 73 75 23 21 69 28 85 71 22 82 155 33 32 -265 -1
77 52 55 22 15 120 50 86 172 25 58 197 56 67 104 22 90 -311 -1
40 78 11 44 34 107 52 66 196 47 20 153 32 52 196 39 32 90 42 10 193 59 86 -477 -1
28 84 197 54 40 191 32 61 164 55 63 129 60 70 86 24 99 154 36 55 -50 -1
48 58 120 33 69 26 52 34 161 39 96 183 21 99 94 28 69 159 41 11 127 52 68 169 47 59 -587 -1
30 45 147 45 78 25 22 36 50 58 71 51 36 86 99 35 69 148 26 78 147 46 25 -300 -1
56 73 53 49 32 101 45 38 182 57 75 194 44 75 24 54 44 186 44 24 141 53 20 192 29 75 -70 -1
56 30 141 43 63 100 51 100 101 21 45 18 36 73 123 30 71 39 60 49 -164 -1
44 33 54 22 21 102 37 28 154 26 64 23 25 81 82 40 83 45 30 86 -272 -1
23 43 40 49 16 176 56 72 106 39 57 191 44 35 139 28 89 84 58 92 164 44 54 -484 -1
63 25 74 46 53 50 27 34 18 25 32 169 55 100 111 38 30 161 27 65 -99 -1
40 75 82 31 69 27 24 82 200 34 82 122 53 80 72 23 25 120 28 72 127 27 53 -340 -1
59 47 112 52 89 152 46 66 25 55 84 134 35 56 115 32 83 -78 -1
63 35 108 38 45 152 60 70 120 27 70 59 53 48 166 29 43 178 20 77 42 30 97 69 42 69 80 58 24 -819 -1
79 51 42 46 20 51 22 79 72 34 16 88 57 75 59 47 60 99 30 100 28 43 96 140 29 21 65 26 30 -249 -1
16 73 66 34 49 99 49 71 135 54 83 169 59 39 96 21 16 53 23 92 99 48 85 148 44 84 -380 -1
22 16 155 52 58 116 21 42 169 38 95 147 58 77 186 40 94 154 47 69 22 39 27 76 25 18 -627 -1
66 11 91 27 81 66 26 28 9 37 56 186 43 31 43 39 70 133 54 64 61 60 30 47 50 64 -48 -1
1 88 60 26 15 117 47 64 68 42 82 191 34 100 113 57 84 31 23 56 52 34 87 150 41 51 -680 -1
80 51 54 57 29 198 54 29 84 27 77 31 42 46 92 53 11 171 47 38 156 28 32 20 20 92 -635 -1
22 18 162 32 96 108 32 92 107 51 16 13 36 60 65 59 51 -132 -1
32 78 70 29 55 36 58 39 70 41 35 64 32 42 20 40 66 179 48 56 110 53 42 100 24 59 63 32 40 -477 -1
77 80 165 59 53 109 28 45 59 55 29 21 23 32 105 56 34 137 36 14 114 51 59 69 48 94 -537 -1
58 26 30 50 87 57 29 48 95 51 88 22 58 42 145 50 88 57 57 76 -275 -1
74 39 23 47 76 72 23 77 81 47 11 114 30 82 71 44 99 112 33 52 70 38 53 163 51 25 -641 -1
79 87 15 46 57 112 22 51 161 60 64 182 36 52 84 41 95 16 59 20 27 42 100 169 60 17 48 24 55 -781 -1
72 40 190 43 54 163 60 39 197 39 60 163 55 90 167 23 37 178 21 31 14 54 44 198 58 67 -602 -1
50 75 26 33 98 152 60 22 135 22 44 31 57 73 176 37 59 12 52 77 -218 -1
55 68 87 27 19 83 23 68 49 36 44 164 32 44 69 44 19 11 25 97 -170 -1
43 51 195 21 69 177 48 33 145 43 93 172 36 48 19 34 83 27 27 89 103 47 52 47 57 40 32 52 42 -337 -1
49 52 189 54 42 184 55 75 194 21 15 161 34 57 163 29 70 171 43 84 -223 -1
13 45 39 40 38 173 47 50 90 40 45 28 49 52 172 25 97 55 56 56 54 52 13 128 24 83 -574 -1
41 47 187 21 23 191 29 16 6 57 39 197 59 39 186 60 24 128 55 60 117 44 64 -694 -1
70 90 6 58 40 74 21 61 164 53 99 14 51 27 153 32 88 100 37 65 96 32 11 5 51 25 183 33 30 -774 -1
24 25 172 38 34 185 30 17 11 41 31 95 47 62 85 55 35 77 21 48 146 43 21 105 35 70 -11 -1
70 19 110 29 66 182 32 49 149 60 43 130 60 12 191 21 21 70 33 52 -590 -1
